-48.57393264770508    82.6451187133789
-52.07392120361328    82.65496826171875
-48.57674789428711    81.64512634277344
-52.07673645019531    81.65497589111328
-48.579559326171875    80.64512634277344
-52.07954788208008    80.65497589111328
-48.582374572753906    79.64513397216797
-52.08236312866211    79.65498352050781
-48.58518981933594    78.64513397216797
-52.08517837524414    78.65498352050781
-48.5880012512207    77.6451416015625
-52.087989807128906    77.65499114990234
-48.590816497802734    76.6451416015625
-52.09080505371094    76.65499114990234
-48.593631744384766    75.64514923095703
-52.09362030029297    75.65499877929688
-48.5964
4317626953    74.64514923095703
-52.096431732177734    74.65499877929688
-48.59925842285156    73.64515686035156
-52.099246978759766    73.6550064086914
-48.602073669433594    72.64515686035156
-52.1020622253418    72.6550064086914
-48.604888916015625    71.6451644897461
-52.10487747192383    71.65501403808594
-48.60770034790039    70.6451644897461
-52.107688903808594    70.65501403808594
-48.61051559448242    69.64517211914062
-52.110504150390625    69.65502166748047
-48.61333084106445    68.64517211914062
-52.113319396972656    68.65502166748047
-48.61614227294922    67.64517974853516
-52.11613082885742    67.655029296875
-48.61895751953125    66.64517974853516
-52.11894607543945    66.655029296875
-48.62177276611328    65.64518737792969
-52.121761322021484    65.65503692626953
-48.62458419799805    64.64518737792969
-52.12457275390625    64.65503692626953
-48.62739944458008    63.645198822021484
-52.12738800048828    63.65504837036133
-48.63021469116211    62.64520263671875
-52.13020324707031    62.655052185058594
-48.633026123046875    61.645206451416016
-52.13301467895508    61.65505599975586
-48.635841369628906    60.64521026611328
-52.13582992553711    60.655059814453125
-48.63865661621094    59.64521408081055
-52.13864517211914    59.65506362915039
-48.6414680480957    58.64521789550781
-52.141456604003906    58.655067443847656
-48.644283294677734    57.64522171020508
-52.14427185058594    57.65507125854492
-48.647098541259766    56.645225524902344
-52.14708709716797    56.65507507324219
-48.64990997314453    55.64522933959961
-52.149898529052734    55.65507888793945
-48.65272521972656    54.645233154296875
-52.152713775634766    54.65508270263672
-48.655540466308594    53.64523696899414
-52.1555290222168    53.655086517333984
-48.658355712890625    52.645240783691406
-52.15834426879883    52.65509033203125
26.435718536376953    16.757444381713867
26.44544219970703    13.257457733154297
27.435714721679688    16.760223388671875
27.445438385009766    13.260236740112305
28.43570899963379    16.76300048828125
28.445432662963867    13.26301383972168
29.435705184936523    16.765779495239258
29.4454288482666    13.265792846679688
30.435701370239258    16.768558502197266
30.445425033569336    13.268571853637695
31.435697555541992    16.771337509155273
31.44542121887207    13.271350860595703
32.43569564819336    16.77411460876465
32.44541931152344    13.274127960205078
33.435691833496094    16.776893615722656
33.44541549682617    13.276906967163086
34.435691833496094    16.779672622680664
34.44541549682617    13.279685974121094
35.43568801879883    16.782451629638672
35.445411682128906    13.282464981079102
36.43568420410156    16.785228729248047
36.44540786743164    13.285242080688477
37.4356803894043    16.788007736206055
37.445404052734375    13.288021087646484
38.435672760009766    16.790786743164062
38.445396423339844    13.290800094604492
39.435672760009766    16.793563842773438
39.445396423339844    13.293577194213867
40.435665130615234    16.796342849731445
40.44538879394531    13.296356201171875
41.435665130615234    16.799121856689453
41.44538879394531    13.299135208129883
42.4356575012207    16.80190086364746
42.44538116455078    13.30191421508789
43.4356575012207    16.804677963256836
43.44538116455078    13.304691314697266
44.43564987182617    16.807456970214844
44.44537353515625    13.307470321655273
45.43564987182617    16.81023597717285
45.44537353515625    13.310249328613281
46.43564224243164    16.81301498413086
46.44536590576172    13.313028335571289
47.43564224243164    16.815792083740234
47.44536590576172    13.315805435180664
48.43563461303711    16.818571090698242
48.44535827636719    13.318584442138672
49.43563461303711    16.82135009765625
49.44535827636719    13.32136344909668
50.43562698364258    16.82413101196289
50.445350646972656    13.32414436340332
51.43562316894531    16.826908111572266
51.44534683227539    13.326921463012695
52.43561935424805    16.829687118530273
52.445343017578125    13.329700469970703
53.43561553955078    16.83246612548828
53.44533920288086    13.332479476928711
54.435611724853516    16.83524513244629
54.445335388183594    13.335258483886719
55.43560791015625    16.838022232055664
55.44533157348633    13.338035583496094
56.43560028076172    16.84079933166504
56.4453239440918    13.340812683105469
26.40376853942871    28.25739860534668
26.41349220275879    24.75741195678711
27.403764724731445    28.260177612304688
27.413488388061523    24.760190963745117
28.403759002685547    28.262954711914062
28.413482666015625    24.762968063354492
29.40375518798828    28.26573371887207
29.41347885131836    24.7657470703125
30.403751373291016    28.268512725830078
30.413475036621094    24.768526077270508
31.40374755859375    28.271291732788086
31.413471221923828    24.771305084228516
32.403743743896484    28.27406883239746
32.41346740722656    24.77408218383789
33.40373992919922    28.27684783935547
33.4134635925293    24.7768611907959
34.40373992919922    28.279626846313477
34.4134635925293    24.779640197753906
35.40373611450195    28.282405853271484
35.41345977783203    24.782419204711914
36.40373229980469    28.28518295288086
36.413455963134766    24.78519630432129
37.40372848510742    28.287961959838867
37.4134521484375    24.787975311279297
38.40372085571289    28.290740966796875
38.41344451904297    24.790754318237305
39.40372085571289    28.29351806640625
39.41344451904297    24.79353141784668
40.40371322631836    28.296297073364258
40.41343688964844    24.796310424804688
41.40371322631836    28.299076080322266
41.41343688964844    24.799089431762695
42.40370559692383    28.301855087280273
42.413429260253906    24.801868438720703
43.40370559692383    28.30463218688965
43.413429260253906    24.804645538330078
44.4036979675293    28.307411193847656
44.413421630859375    24.807424545288086
45.4036979675293    28.310190200805664
45.413421630859375    24.810203552246094
46.403690338134766    28.312969207763672
46.413414001464844    24.8129825592041
47.403690338134766    28.315746307373047
47.413414001464844    24.815759658813477
48.403682708740234    28.318525314331055
48.41340637207031    24.818538665771484
49.403682708740234    28.321304321289062
49.41340637207031    24.821317672729492
50.4036750793457    28.324085235595703
50.41339874267578    24.824098587036133
51.40367126464844    28.326862335205078
51.413394927978516    24.826875686645508
52.40366744995117    28.329641342163086
52.41339111328125    24.829654693603516
53.403663635253906    28.332420349121094
53.413387298583984    24.832433700561523
54.40365982055664    28.3351993560791
54.41338348388672    24.83521270751953
55.403656005859375    28.337976455688477
55.41337966918945    24.837989807128906
56.403648376464844    28.34075355529785
56.41337203979492    24.84076690673828
-52.142601013183594    -43.38029861450195
-48.6427001953125    -43.35388946533203
-45.142799377441406    -43.327484130859375
-41.64289855957031    -43.30107498168945
-52.150146484375    -42.38032531738281
-48.650245666503906    -42.35391616821289
-45.15034484863281    -42.327510833740234
-41.65044403076172    -42.30110168457031
-52.157691955566406    -41.38035583496094
-48.65779113769531    -41.353946685791016
-45.15789031982422    -41.32754135131836
-41.657989501953125    -41.30113220214844
-52.16523742675781    -40.3803825378418
-48.66533660888672    -40.353973388671875
-45.165435791015625    -40.32756805419922
-41.66553497314453    -40.3011589050293
-52.17278289794922    -39.38041305541992
-48.672882080078125    -39.35400390625
-45.17298126220703    -39.327598571777344
-41.67308044433594    -39.30118942260742
-52.180328369140625    -38.38043975830078
-48.68042755126953    -38.35403060913086
-45.18052673339844    -38.3276252746582
-41.680625915527344    -38.30121612548828
-52.18787384033203    -37.380470275878906
-48.68797302246094    -37.354061126708984
-45.188072204589844    -37.32765579223633
-41.68817138671875    -37.301246643066406
-52.19541931152344    -36.380496978759766
-48.695518493652344    -36.354087829589844
-45.19561767578125    -36.32768249511719
-41.695716857910156    -36.301273345947266
-52.202964782714844    -35.38052749633789
-48.70306396484375    -35.35411834716797
-45.203163146972656    -35.32771301269531
-41.70326232910156    -35.30130386352539
-52.21051025390625    -34.38055419921875
-48.710609436035156    -34.35414505004883
-45.21070861816406    -34.32773971557617
-41.71080780029297    -34.30133056640625
-52.218055725097656    -33.380584716796875
-48.71815490722656    -33.35417556762695
-45.21825408935547    -33.3277702331543
-41.718353271484375    -33.301361083984375
-52.22560119628906    -32.380611419677734
-48.72570037841797    -32.35420227050781
-45.225799560546875    -32.327796936035156
-41.72589874267578    -32.301387786865234
-52.23314666748047    -31.38064193725586
-48.733245849609375    -31.354232788085938
-45.23334503173828    -31.327823638916016
-41.73344421386719    -31.301414489746094
-52.240692138671875    -30.38067054748535
-48.74079132080078    -30.35426139831543
-45.24089050292969    -30.327852249145508
-41.740989685058594    -30.301443099975586
-52.24823760986328    -29.380699157714844
-48.74833679199219    -29.354290008544922
-45.248435974121094    -29.327880859375
-41.74853515625    -29.301471710205078
-52.25578308105469    -28.380727767944336
-48.755882263183594    -28.354318618774414
-45.2559814453125    -28.327909469604492
-41.756080627441406    -28.30150032043457
-52.263328552246094    -27.380756378173828
-48.763427734375    -27.354347229003906
-45.263526916503906    -27.327938079833984
-41.76362609863281    -27.301528930664062
-52.2708740234375    -26.38078498840332
-48.770973205566406    -26.3543758392334
-45.27107238769531    -26.327966690063477
-41.77117156982422    -26.301557540893555
-52.278419494628906    -25.380813598632812
-48.77851867675781    -25.35440444946289
-45.27861785888672    -25.32799530029297
-41.778717041015625    -25.301586151123047
-52.28596496582031    -24.380842208862305
-48.78606414794922    -24.354433059692383
-45.286163330078125    -24.32802391052246
-41.78626251220703    -24.30161476135254
-52.29351043701172    -23.380870819091797
-48.793609619140625    -23.354461669921875
-45.29370880126953    -23.328052520751953
-41.79380798339844    -23.30164337158203
-52.301055908203125    -22.380897521972656
-48.80115509033203    -22.354488372802734
-45.30125427246094    -22.328079223632812
-41.801353454589844    -22.30167007446289
-52.30860137939453    -21.38092613220215
-48.80870056152344    -21.354516983032227
-45.308799743652344    -21.328107833862305
-41.80889892578125    -21.301698684692383
-52.31614685058594    -20.38095474243164
-48.816246032714844    -20.35454559326172
-45.31634521484375    -20.328136444091797
-41.816444396972656    -20.301727294921875
-52.323692321777344    -19.380983352661133
-48.82379150390625    -19.35457420349121
-45.323890686035156    -19.32816505432129
-41.82398986816406    -19.301755905151367
-52.33123779296875    -18.381011962890625
-48.831336975097656    -18.354602813720703
-45.33143615722656    -18.32819366455078
-41.83153533935547    -18.30178451538086
-52.338783264160156    -17.381040573120117
-48.83888244628906    -17.354631423950195
-45.33898162841797    -17.328222274780273
-41.839080810546875    -17.30181312561035
57.403648376464844    28.34353256225586
57.41337203979492    24.84354591369629
57.43560028076172    16.843578338623047
57.44532775878906    13.343591690063477
58.40364456176758    28.346311569213867
58.413368225097656    24.846324920654297
58.43559646606445    16.846357345581055
58.4453239440918    13.346370697021484
59.40364074707031    28.349088668823242
59.41336441040039    24.849102020263672
59.43559265136719    16.84913444519043
59.44532012939453    13.34914779663086
60.40363693237305    28.35186767578125
60.413360595703125    24.85188102722168
60.43558883666992    16.851913452148438
60.445316314697266    13.351926803588867
61.40363311767578    28.354646682739258
61.41335678100586    24.854660034179688
61.435585021972656    16.854692459106445
61.4453125    13.354705810546875
62.403629302978516    28.357425689697266
62.413352966308594    24.857439041137695
62.43558120727539    16.857471466064453
62.445308685302734    13.357484817504883
63.40362548828125    28.36020278930664
63.41334915161133    24.86021614074707
63.435577392578125    16.860248565673828
63.44530487060547    13.360261917114258
64.40361785888672    28.36298179626465
64.41334533691406    24.862995147705078
64.4355697631836    16.863027572631836
64.44529724121094    13.363040924072266
65.40361022949219    28.365760803222656
65.41333770751953    24.865774154663086
65.43556213378906    16.865806579589844
65.4452896118164    13.365819931030273
66.40361022949219    28.368539810180664
66.41333770751953    24.868553161621094
66.43556213378906    16.86858558654785
66.4452896118164    13.368598937988281
67.40360260009766    28.37131690979004
67.413330078125    24.87133026123047
67.43555450439453    16.871362686157227
67.44528198242188    13.371376037597656
68.40360260009766    28.374095916748047
68.413330078125    24.874109268188477
68.43555450439453    16.874141693115234
68.44528198242188    13.374155044555664
69.40359497070312    28.376874923706055
69.41332244873047    24.876888275146484
69.435546875    16.876920700073242
69.44527435302734    13.376934051513672
70.40359497070312    28.379653930664062
70.41332244873047    24.879667282104492
70.435546875    16.87969970703125
70.44527435302734    13.37971305847168
71.4035873413086    28.382431030273438
71.41331481933594    24.882444381713867
71.43553924560547    16.882476806640625
71.44526672363281    13.382490158081055
72.4035873413086    28.385210037231445
72.41331481933594    24.885223388671875
72.43553924560547    16.885255813598633
72.44526672363281    13.385269165039062
73.40357971191406    28.387989044189453
73.4133071899414    24.888002395629883
73.43553161621094    16.88803482055664
73.44525909423828    13.38804817199707
74.40357971191406    28.39076805114746
74.4133071899414    24.89078140258789
74.43553161621094    16.89081382751465
74.44525909423828    13.390827178955078
75.40357208251953    28.393545150756836
75.41329956054688    24.893558502197266
75.4355239868164    16.893590927124023
75.44525146484375    13.393604278564453
76.40357208251953    28.396324157714844
76.41329956054688    24.896337509155273
76.4355239868164    16.89636993408203
76.44525146484375    13.396383285522461
77.40357208251953    28.39910316467285
77.41329956054688    24.89911651611328
77.4355239868164    16.89914894104004
77.44525146484375    13.399162292480469
78.403564453125    28.40188217163086
78.41329193115234    24.90189552307129
78.43551635742188    16.901927947998047
78.44524383544922    13.401941299438477
79.40355682373047    28.404659271240234
79.41328430175781    24.904672622680664
79.43550872802734    16.904705047607422
79.44523620605469    13.404718399047852
80.40355682373047    28.407438278198242
80.41328430175781    24.907451629638672
80.43550872802734    16.90748405456543
80.44523620605469    13.40749740600586
81.40354919433594    28.41021728515625
81.41327667236328    24.91023063659668
81.43550109863281    16.910263061523438
81.44522857666016    13.410276412963867
82.40354919433594    28.412996292114258
82.41327667236328    24.913009643554688
82.43550109863281    16.913042068481445
82.44522857666016    13.413055419921875
-28.71629524230957    24.604232788085938
-29.716291427612305    24.60145378112793
-30.71660614013672    24.598674774169922
-31.781850814819336    24.585052490234375
-32.90773010253906    24.49801254272461
-34.02409362792969    24.327972412109375
-35.12482833862305    24.075864791870117
-36.20391845703125    23.743070602416992
-37.25544738769531    23.331411361694336
-38.27366256713867    22.843137741088867
-39.25299835205078    22.280921936035156
-40.188087463378906    21.647844314575195
-41.073814392089844    20.947364807128906
-41.905330657958984    20.183320999145508
-42.67808151245117    19.35989761352539
-43.38784408569336    18.48159408569336
-44.03073501586914    17.55322265625
-44.60322570800781    16.579862594604492
-45.10219192504883    15.566841125488281
-45.52490234375    14.51970386505127
-45.859161376953125    13.515207290649414
-46.16719436645508    12.563831329345703
-46.47522735595703    11.612456321716309
-46.783260345458984    10.661080360412598
-47.09511947631836    9.681135177612305
-47.38795471191406    8.676268577575684
-47.653873443603516    7.663947105407715
-47.8926887512207    6.644890785217285
-48.10423278808594    5.619825839996338
-48.28834533691406    4.589481830596924
-48.444908142089844    3.5545921325683594
-48.57379913330078    2.5158934593200684
-48.6749382019043    1.474125862121582
-48.74824142456055    0.4300306439399719
-48.793663024902344    -0.6156484484672546
-48.8111686706543    -1.6621674299240112
-28.72602081298828    28.104219436645508
-28.71629524230957    24.604232788085938
-28.694067001342773    16.604265213012695
-28.684343338012695    13.104278564453125
-27.726024627685547    28.106998443603516
-27.716299057006836    24.607011795043945
-27.69407081604004    16.607044219970703
-27.68434715270996    13.107057571411133
-26.726028442382812    28.10977554321289
-26.7163028717041    24.60978889465332
-26.694074630737305    16.609821319580078
-26.684350967407227    13.109834671020508
-25.726032257080078    28.1125545501709
-25.716306686401367    24.612567901611328
-25.69407844543457    16.612600326538086
-25.684354782104492    13.112613677978516
-24.726036071777344    28.115333557128906
-24.716310501098633    24.615346908569336
-24.694082260131836    16.615379333496094
-24.684358596801758    13.115392684936523
-23.72603988647461    28.118112564086914
-23.7163143157959    24.618125915527344
-23.6940860748291    16.6181583404541
-23.684362411499023    13.118171691894531
-22.726043701171875    28.12088966369629
-22.716318130493164    24.62090301513672
-22.694089889526367    16.620935440063477
-22.68436622619629    13.120948791503906
-21.72604751586914    28.123668670654297
-21.71632194519043    24.623682022094727
-21.694093704223633    16.623714447021484
-21.684370040893555    13.123727798461914
-20.726051330566406    28.126447677612305
-20.716325759887695    24.626461029052734
-20.6940975189209    16.626493453979492
-20.68437385559082    13.126506805419922
-19.726055145263672    28.129226684570312
-19.71632957458496    24.629240036010742
-19.694101333618164    16.6292724609375
-19.684377670288086    13.12928581237793
-18.726058959960938    28.132003784179688
-18.716333389282227    24.632017135620117
-18.69410514831543    16.632049560546875
-18.68438148498535    13.132062911987305
-17.726064682006836    28.134782791137695
-17.716339111328125    24.634796142578125
-17.694110870361328    16.634828567504883
-17.68438720703125    13.134841918945312
-16.7260684967041    28.137561798095703
-16.71634292602539    24.637575149536133
-16.694114685058594    16.63760757446289
-16.684391021728516    13.13762092590332
-15.72607135772705    28.14034080505371
-15.716346740722656    24.64035415649414
-15.69411849975586    16.6403865814209
-15.684392929077148    13.140399932861328
-14.726075172424316    28.143117904663086
-14.716350555419922    24.643131256103516
-14.694122314453125    16.643163681030273
-14.684396743774414    13.143177032470703
-13.726078987121582    28.145896911621094
-13.716354370117188    24.645910263061523
-13.69412612915039    16.64594268798828
-13.68440055847168    13.145956039428711
-12.726082801818848    28.1486759185791
-12.716358184814453    24.64868927001953
-12.694129943847656    16.64872169494629
-12.684404373168945    13.148735046386719
-11.726085662841797    28.15145492553711
-11.716361045837402    24.65146827697754
-11.694132804870605    16.651500701904297
-11.684407234191895    13.151514053344727
-10.726089477539062    28.154232025146484
-10.716364860534668    24.654245376586914
-10.694136619567871    16.654277801513672
-10.68441104888916    13.154291152954102
-9.726093292236328    28.157011032104492
-9.716368675231934    24.657024383544922
-9.694140434265137    16.65705680847168
-9.684414863586426    13.15707015991211
-8.726097106933594    28.1597900390625
-8.7163724899292    24.65980339050293
-8.694144248962402    16.659835815429688
-8.684418678283691    13.159849166870117
-7.726100921630859    28.162569046020508
-7.716375827789307    24.662582397460938
-7.69414758682251    16.662614822387695
-7.684422969818115    13.162628173828125
-6.726106643676758    28.165346145629883
-6.716381549835205    24.665359497070312
-6.694153308868408    16.66539192199707
-6.684428691864014    13.1654052734375
-5.726110458374023    28.16812515258789
-5.716385364532471    24.66813850402832
-5.694157123565674    16.668170928955078
-5.684432506561279    13.168184280395508
-4.726114273071289    28.1709041595459
-4.716389179229736    24.670917510986328
-4.6941609382629395    16.670949935913086
-4.684436321258545    13.170963287353516
-3.7261178493499756    28.173683166503906
-3.716392993927002    24.673696517944336
-3.694164991378784    16.673728942871094
-3.6844401359558105    13.173742294311523
-2.726121664047241    28.17646026611328
-2.7163968086242676    24.67647361755371
-2.69416880607605    16.67650604248047
-2.684443950653076    13.176519393920898
-1.7261254787445068    28.17923927307129
-1.7164007425308228    24.67925262451172
-1.6941726207733154    16.679285049438477
-1.6844477653503418    13.179298400878906
-0.7261292934417725    28.182018280029297
-0.7164044976234436    24.682031631469727
-0.6941763162612915    16.682064056396484
-0.6844515204429626    13.182077407836914
0.2738668918609619    28.184797286987305
0.28359171748161316    24.684810638427734
0.3058198392391205    16.684843063354492
0.31554466485977173    13.184856414794922
1.2738630771636963    28.18757438659668
1.2835878133773804    24.68758773803711
1.3058159351348877    16.687620162963867
1.3155407905578613    13.187633514404297
2.2738592624664307    28.190353393554688
2.2835841178894043    24.690366744995117
2.305812120437622    16.690399169921875
2.3155369758605957    13.190412521362305
3.273855447769165    28.193132400512695
3.2835803031921387    24.693145751953125
3.3058083057403564    16.693178176879883
3.31553316116333    13.193191528320312
4.273853302001953    28.195911407470703
4.283578395843506    24.695924758911133
4.305806636810303    16.69595718383789
4.315531253814697    13.19597053527832
5.2738494873046875    28.198688507080078
5.28357458114624    24.698701858520508
5.305802822113037    16.698734283447266
5.315527439117432    13.198747634887695
6.273845672607422    28.201467514038086
6.283570766448975    24.701480865478516
6.3057990074157715    16.701513290405273
6.315523624420166    13.201526641845703
7.273841857910156    28.204246520996094
7.283566951751709    24.704259872436523
7.305795192718506    16.70429229736328
7.3155198097229    13.204305648803711
8.27383804321289    28.2070255279541
8.283562660217285    24.70703887939453
8.305790901184082    16.70707130432129
8.315516471862793    13.207084655761719
9.273834228515625    28.209802627563477
9.28355884552002    24.709815979003906
9.305787086486816    16.709848403930664
9.315512657165527    13.209861755371094
10.27383041381836    28.212581634521484
10.283555030822754    24.712594985961914
10.30578327178955    16.712627410888672
10.315508842468262    13.212640762329102
11.273826599121094    28.215360641479492
11.283551216125488    24.715373992919922
11.305779457092285    16.71540641784668
11.315505027770996    13.21541976928711
12.273822784423828    28.218137741088867
12.283547401428223    24.718151092529297
12.30577564239502    16.718183517456055
12.31550121307373    13.218196868896484
13.273818969726562    28.220916748046875
13.283543586730957    24.720930099487305
13.305771827697754    16.720962524414062
13.315497398376465    13.220975875854492
14.273811340332031    28.223695755004883
14.283535957336426    24.723709106445312
14.305764198303223    16.72374153137207
14.315489768981934    13.2237548828125
15.273807525634766    28.22647476196289
15.28353214263916    24.72648811340332
15.305760383605957    16.726520538330078
15.315485954284668    13.226533889770508
16.2738037109375    28.229251861572266
16.28352928161621    24.729265213012695
16.305757522583008    16.729297637939453
16.315481185913086    13.229310989379883
17.273799896240234    28.232030868530273
17.283525466918945    24.732044219970703
17.305753707885742    16.73207664489746
17.31547737121582    13.23208999633789
18.27379608154297    28.23480987548828
18.28352165222168    24.73482322692871
18.305749893188477    16.73485565185547
18.315473556518555    13.234869003295898
19.273792266845703    28.23758888244629
19.283517837524414    24.73760223388672
19.30574607849121    16.737634658813477
19.31546974182129    13.237648010253906
20.273788452148438    28.240365982055664
20.28351402282715    24.740379333496094
20.305742263793945    16.74041175842285
20.315465927124023    13.240425109863281
21.273784637451172    28.243144989013672
21.283510208129883    24.7431583404541
21.30573844909668    16.74319076538086
21.315462112426758    13.243204116821289
22.273780822753906    28.24592399597168
22.283506393432617    24.74593734741211
22.305734634399414    16.745969772338867
22.315458297729492    13.245983123779297
23.27377700805664    28.248703002929688
23.28350257873535    24.748716354370117
23.30573081970215    16.748748779296875
23.315454483032227    13.248762130737305
24.273773193359375    28.251480102539062
24.283498764038086    24.751493453979492
24.305727005004883    16.75152587890625
24.31545066833496    13.25153923034668
25.27376937866211    28.25425910949707
25.28349494934082    24.7542724609375
25.305723190307617    16.754304885864258
25.315446853637695    13.254318237304688
26.273765563964844    28.257038116455078
26.283491134643555    24.757051467895508
26.30571937561035    16.757083892822266
26.31544303894043    13.257097244262695
-66.8261489868164    24.498342514038086
-65.82615661621094    24.501121520996094
-64.82615661621094    24.50389862060547
-63.82616424560547    24.506677627563477
-62.80895233154297    24.508527755737305
-61.714866638183594    24.471139907836914
-60.624412536621094    24.374526977539062
-59.540794372558594    24.21898078918457
-58.46719741821289    24.004953384399414
-57.40677261352539    23.733076095581055
-56.362632751464844    23.404142379760742
-55.33784866333008    23.019126892089844
-54.335426330566406    22.579153060913086
-53.35831832885742    22.08551788330078
-52.40938949584961    21.5396671295166
-51.491424560546875    20.94321060180664
-50.60712432861328    20.297895431518555
-49.75908279418945    19.605613708496094
-48.94979476928711    18.868408203125
-48.181636810302734    18.08843994140625
-47.46052932739258    17.27355194091797
-46.78427505493164    16.433547973632812
-46.146366119384766    15.564069747924805
-45.54807662963867    14.666869163513184
-44.99060821533203    13.743748664855957
-44.47508239746094    12.796564102172852
-44.00253677368164    11.827221870422363
-43.57392501831055    10.837669372558594
-43.19010925292969    9.829895973205566
-42.85184860229492    8.805930137634277
-42.55984115600586    7.767829895019531
-42.314666748046875    6.717681884765625
-42.11681365966797    5.657598495483398
-41.96668243408203    4.5897111892700195
-41.86457443237305    3.5161664485931396
-41.810699462890625    2.439124345779419
-41.80257034301758    1.3860589265823364
-41.80538558959961    0.38606297969818115
-41.80820083618164    -0.6141355633735657
-41.811012268066406    -1.6141315698623657
-78.07583618164062    27.967100143432617
-78.06610870361328    24.467113494873047
-78.04388427734375    16.467145919799805
-78.0341567993164    12.967159271240234
-77.07584381103516    27.969879150390625
-77.06611633300781    24.469892501831055
-77.04389190673828    16.469924926757812
-77.03416442871094    12.969938278198242
-76.07584381103516    27.97265625
-76.06611633300781    24.47266960144043
-76.04389190673828    16.472702026367188
-76.03416442871094    12.972715377807617
-75.07585144042969    27.975435256958008
-75.06612396240234    24.475448608398438
-75.04389953613281    16.475481033325195
-75.03417205810547    12.975494384765625
-74.07585144042969    27.978214263916016
-74.06612396240234    24.478227615356445
-74.04389953613281    16.478260040283203
-74.03417205810547    12.978273391723633
-73.07585906982422    27.980993270874023
-73.06613159179688    24.481006622314453
-73.04390716552734    16.48103904724121
-73.0341796875    12.98105239868164
-72.07585906982422    27.9837703704834
-72.06613159179688    24.483783721923828
-72.04390716552734    16.483816146850586
-72.0341796875    12.983829498291016
-71.07586669921875    27.986549377441406
-71.0661392211914    24.486562728881836
-71.04391479492188    16.486595153808594
-71.03418731689453    12.986608505249023
-70.07586669921875    27.989328384399414
-70.0661392211914    24.489341735839844
-70.04391479492188    16.4893741607666
-70.03418731689453    12.989387512207031
-69.07587432861328    27.992107391357422
-69.06614685058594    24.49212074279785
-69.0439224243164    16.49215316772461
-69.03419494628906    12.992166519165039
-68.07587432861328    27.994884490966797
-68.06614685058594    24.494897842407227
-68.0439224243164    16.494930267333984
-68.03419494628906    12.994943618774414
-67.07588195800781    27.997663497924805
-67.06615447998047    24.497676849365234
-67.04393005371094    16.497709274291992
-67.0342025756836    12.997722625732422
-88.685791015625    27.937620162963867
-88.67606353759766    24.437633514404297
-88.65383911132812    16.437665939331055
-88.64411163330078    12.937679290771484
-87.68579864501953    27.940399169921875
-87.67607116699219    24.440412521362305
-87.65384674072266    16.440444946289062
-87.64411926269531    12.940458297729492
-86.68579864501953    27.94317626953125
-86.67607116699219    24.44318962097168
-86.65384674072266    16.443222045898438
-86.64411926269531    12.943235397338867
-85.68580627441406    27.945955276489258
-85.67607879638672    24.445968627929688
-85.65385437011719    16.446001052856445
-85.64412689208984    12.946014404296875
-84.68580627441406    27.948734283447266
-84.67607879638672    24.448747634887695
-84.65385437011719    16.448780059814453
-84.64412689208984    12.948793411254883
-83.6858139038086    27.951513290405273
-83.67608642578125    24.451526641845703
-83.65386199951172    16.45155906677246
-83.64413452148438    12.95157241821289
-82.6858139038086    27.95429039001465
-82.67608642578125    24.454303741455078
-82.65386199951172    16.454336166381836
-82.64413452148438    12.954349517822266
-81.68582153320312    27.957069396972656
-81.67609405517578    24.457082748413086
-81.65386962890625    16.457115173339844
-81.6441421508789    12.957128524780273
-80.68582153320312    27.959848403930664
-80.67609405517578    24.459861755371094
-80.65386962890625    16.45989418029785
-80.6441421508789    12.959907531738281
-79.68582916259766    27.962627410888672
-79.67610168457031    24.4626407623291
-79.65387725830078    16.46267318725586
-79.64414978027344    12.962686538696289
-78.68582916259766    27.965404510498047
-78.67610168457031    24.465417861938477
-78.65387725830078    16.465450286865234
-78.64414978027344    12.965463638305664
-41.82001876831055    -4.8147735595703125
-45.32000732421875    -4.804924488067627
-48.81999206542969    -4.795074939727783
-52.31998062133789    -4.785225868225098
-41.82283401489258    -5.814769744873047
-45.32282257080078    -5.804920673370361
-48.82280731201172    -5.795071125030518
-52.32279586791992    -5.785222053527832
-41.825645446777344    -6.814765453338623
-45.32563400268555    -6.8049163818359375
-48.825618743896484    -6.795066833496094
-52.32560729980469    -6.785217761993408
-41.82880783081055    -7.821018695831299
-45.32878112792969    -7.806997299194336
-48.82875061035156    -7.792976379394531
-52.3287239074707    -7.778954982757568
-41.83384323120117    -8.829364776611328
-45.33378601074219    -8.809771537780762
-48.83373260498047    -8.790177345275879
-52.333675384521484    -8.770584106445312
-41.83944320678711    -9.82934856414795
-45.339385986328125    -9.809755325317383
-48.839332580566406    -9.7901611328125
-52.33927536010742    -9.770567893981934
-41.84503936767578    -10.829333305358887
-45.3449821472168    -10.80974006652832
-48.84492874145508    -10.790145874023438
-52.344871520996094    -10.770552635192871
-41.84992218017578    -11.820395469665527
-45.34989547729492    -11.80675220489502
-48.84987258911133    -11.793108940124512
-52.34984588623047    -11.779465675354004
-41.85272979736328    -12.809256553649902
-45.352725982666016    -12.8030366897583
-48.852718353271484    -12.7968168258667
-52.35271453857422    -12.790596961975098
-41.853424072265625    -13.798120498657227
-45.353424072265625    -13.799324035644531
-48.853424072265625    -13.800527572631836
-52.353424072265625    -13.80173110961914
-41.85203552246094    -14.78698444366455
-45.35202407836914    -14.795611381530762
-48.85201644897461    -14.804238319396973
-52.35200500488281    -14.812865257263184
-41.84856414794922    -15.775842666625977
-45.34852981567383    -15.791893005371094
-48.84849166870117    -15.807943344116211
-52.34845733642578    -15.823993682861328
-41.84298324584961    -16.764692306518555
-45.34290313720703    -16.788166046142578
-48.84282684326172    -16.81163787841797
-52.34274673461914    -16.835111618041992
-41.81126403808594    -1.7042442560195923
-45.31125259399414    -1.6943949460983276
-48.81123733520508    -1.684545636177063
-52.31122589111328    -1.6746963262557983
-41.81407928466797    -2.704240560531616
-45.31406784057617    -2.6943912506103516
-48.81405258178711    -2.684541702270508
-52.31404113769531    -2.674692392349243
-41.816890716552734    -3.7042365074157715
-45.31687927246094    -3.694387197494507
-48.816864013671875    -3.684537649154663
-52.31685256958008    -3.6746883392333984
-41.819705963134766    -4.704232215881348
-45.31969451904297    -4.694383144378662
-48.819679260253906    -4.684533596038818
-52.31966781616211    -4.674684524536133
-41.483009338378906    114.94529724121094
-44.98299789428711    114.95514678955078
-48.48298263549805    114.9649887084961
-51.98297119140625    114.97483825683594
-41.48582458496094    113.94530487060547
-44.98581314086914    113.95515441894531
-48.48579788208008    113.96499633789062
-51.98578643798828    113.97484588623047
-41.4886360168457    112.94530487060547
-44.988624572753906    112.95515441894531
-48.488609313964844    112.96499633789062
-51.98859786987305    112.97484588623047
-41.491451263427734    111.9453125
-44.99143981933594    111.95516204833984
-48.491424560546875    111.96500396728516
-51.99141311645508    111.974853515625
-41.494266510009766    110.9453125
-44.99425506591797    110.95516204833984
-48.494239807128906    110.96500396728516
-51.99422836303711    110.974853515625
-41.49707794189453    109.94532012939453
-44.997066497802734    109.95516967773438
-48.49705123901367    109.96501159667969
-51.997039794921875    109.97486114501953
-41.49989318847656    108.94532012939453
-44.999881744384766    108.95516967773438
-48.4998664855957    108.96501159667969
-51.999855041503906    108.97486114501953
-41.502708435058594    107.94532775878906
-45.0026969909668    107.9551773071289
-48.502681732177734    107.96501922607422
-52.00267028808594    107.97486877441406
-41.50551986694336    106.94532775878906
-45.00550842285156    106.9551773071289
-48.5054931640625    106.96501922607422
-52.0054817199707    106.97486877441406
-41.50833511352539    105.9453353881836
-45.008323669433594    105.95518493652344
-48.50830841064453    105.96502685546875
-52.008296966552734    105.9748764038086
-41.51115036010742    104.9453353881836
-45.011138916015625    104.95518493652344
-48.51112365722656    104.96502685546875
-52.011112213134766    104.9748764038086
-41.51396560668945    103.94534301757812
-45.013954162597656    103.95519256591797
-48.513938903808594    103.96503448486328
-52.0139274597168    103.97488403320312
-41.51677703857422    102.94534301757812
-45.01676559448242    102.95519256591797
-48.51675033569336    102.96503448486328
-52.01673889160156    102.97488403320312
-41.51959228515625    101.94535064697266
-45.01958084106445    101.9552001953125
-48.51956558227539    101.96504211425781
-52.019554138183594    101.97489166259766
-41.52240753173828    100.94535064697266
-45.022396087646484    100.9552001953125
-48.52238082885742    100.96504211425781
-52.022369384765625    100.97489166259766
-41.52521896362305    99.94535827636719
-45.02520751953125    99.95520782470703
-48.52519226074219    99.96504974365234
-52.02518081665039    99.97489929199219
-41.52803421020508    98.94535827636719
-45.02802276611328    98.95520782470703
-48.52800750732422    98.96504974365234
-52.02799606323242    98.97489929199219
-41.53084945678711    97.94536590576172
-45.03083801269531    97.95521545410156
-48.53082275390625    97.96505737304688
-52.03081130981445    97.97490692138672
-41.533660888671875    96.94536590576172
-45.03364944458008    96.95521545410156
-48.533634185791016    96.96505737304688
-52.03362274169922    96.97490692138672
-41.536476135253906    95.94537353515625
-45.03646469116211    95.9552230834961
-48.53644943237305    95.9650650024414
-52.03643798828125    95.97491455078125
-41.53929138183594    94.94537353515625
-45.03927993774414    94.9552230834961
-48.53926467895508    94.9650650024414
-52.03925323486328    94.97491455078125
-41.5421028137207    93.94538116455078
-45.042091369628906    93.95523071289062
-48.542076110839844    93.96507263183594
-52.04206466674805    93.97492218017578
-41.544918060302734    92.94538879394531
-45.04490661621094    92.95523834228516
-48.544891357421875    92.96508026123047
-52.04487991333008    92.97492980957031
-41.547733306884766    91.94538879394531
-45.04772186279297    91.95523834228516
-48.547706604003906    91.96508026123047
-52.04769515991211    91.97492980957031
-41.55054473876953    90.94538879394531
-45.050533294677734    90.95523834228516
-48.55051803588867    90.96508026123047
-52.050506591796875    90.97492980957031
-41.55335998535156    89.94539642333984
-45.053348541259766    89.95524597167969
-48.5533332824707    89.965087890625
-52.053321838378906    89.97493743896484
-41.556175231933594    88.94540405273438
-45.0561637878418    88.95525360107422
-48.556148529052734    88.96509552001953
-52.05613708496094    88.97494506835938
-41.55898666381836    87.94540405273438
-45.05897521972656    87.95525360107422
-48.5589599609375    87.96509552001953
-52.0589485168457    87.97494506835938
-41.56180191040039    86.94540405273438
-45.061790466308594    86.95525360107422
-48.56177520751953    86.96509552001953
-52.061763763427734    86.97494506835938
-41.56461715698242    85.9454116821289
-45.064605712890625    85.95526123046875
-48.56459045410156    85.96510314941406
-52.064579010009766    85.9749526977539
-41.56743240356445    84.94541931152344
-45.067420959472656    84.95526885986328
-48.567405700683594    84.9651107788086
-52.0673942565918    84.97496032714844
-41.57024383544922    83.94541931152344
-45.07023239135742    83.95526885986328
-48.57021713256836    83.9651107788086
-52.07020568847656    83.97496032714844
-41.57305908203125    82.94541931152344
-45.07304763793945    82.95526885986328
-48.57303237915039    82.9651107788086
-52.073020935058594    82.97496032714844
-66.80392456054688    16.498376846313477
-66.79419708251953    12.998390197753906
-65.8039321899414    16.501155853271484
-65.79420471191406    13.001169204711914
-64.8039321899414    16.50393295288086
-64.79420471191406    13.003946304321289
-63.803932189941406    16.506711959838867
-63.79420471191406    13.006725311279297
-62.80393600463867    16.509490966796875
-62.79420852661133    13.009504318237305
-61.80393981933594    16.512269973754883
-61.794212341308594    13.012283325195312
-60.8039436340332    16.515047073364258
-60.79421615600586    13.015060424804688
-59.80394744873047    16.517826080322266
-59.794219970703125    13.017839431762695
-58.803951263427734    16.520605087280273
-58.79422378540039    13.020618438720703
-57.803955078125    16.52338409423828
-57.794227600097656    13.023397445678711
-56.803958892822266    16.526161193847656
-56.79423141479492    13.026174545288086
-55.80396270751953    16.528940200805664
-55.79423522949219    13.028953552246094
-54.8039665222168    16.531719207763672
-54.79423904418945    13.031732559204102
-53.80397033691406    16.53449821472168
-53.79424285888672    13.03451156616211
-52.80397415161133    16.537275314331055
-52.794246673583984    13.037288665771484
-51.803977966308594    16.540054321289062
-51.79425048828125    13.040067672729492
-50.80398178100586    16.54283332824707
-50.794254302978516    13.0428466796875
-49.803985595703125    16.545612335205078
-49.79425811767578    13.045625686645508
-48.80398941040039    16.548389434814453
-48.79426193237305    13.048402786254883
-47.803993225097656    16.55116844177246
-47.79426574707031    13.05118179321289
-46.80399703979492    16.55394744873047
-46.79426956176758    13.053960800170898
-45.80400085449219    16.556726455688477
-45.794273376464844    13.056739807128906
-44.80400466918945    16.55950355529785
-44.79427719116211    13.059516906738281
-43.804012298583984    16.56228256225586
-43.79428482055664    13.062295913696289
-42.804012298583984    16.565061569213867
-42.79428482055664    13.065074920654297
-41.804019927978516    16.567840576171875
-41.79429244995117    13.067853927612305
-40.804019927978516    16.57061767578125
-40.79429244995117    13.07063102722168
-39.80402755737305    16.573396682739258
-39.7943000793457    13.073410034179688
-38.80402755737305    16.576175689697266
-38.7943000793457    13.076189041137695
-37.80403518676758    16.578954696655273
-37.794307708740234    13.078968048095703
-36.80403518676758    16.58173179626465
-36.794307708740234    13.081745147705078
-35.80404281616211    16.584510803222656
-35.794315338134766    13.084524154663086
-34.80404281616211    16.587289810180664
-34.794315338134766    13.087303161621094
-33.804046630859375    16.590068817138672
-33.79431915283203    13.090082168579102
-32.80405044555664    16.592845916748047
-32.7943229675293    13.092859268188477
-31.804054260253906    16.595624923706055
-31.794330596923828    13.095638275146484
-30.804058074951172    16.598403930664062
-30.794334411621094    13.098417282104492
-29.804061889648438    16.60118293762207
-29.79433822631836    13.1011962890625
-28.804065704345703    16.603960037231445
-28.794342041015625    13.103973388671875
-66.8261489868164    24.498342514038086
-65.82615661621094    24.501121520996094
-64.82615661621094    24.50389862060547
-63.798553466796875    24.504486083984375
-62.693565368652344    24.456562042236328
-61.59351348876953    24.341711044311523
-60.5024528503418    24.16035270690918
-59.42439651489258    23.913156509399414
-58.36332321166992    23.601032257080078
-57.32312774658203    23.225130081176758
-56.30764389038086    22.786832809448242
-55.320621490478516    22.287755966186523
-54.36567306518555    21.729732513427734
-53.44633483886719    21.114822387695312
-52.56597900390625    20.445283889770508
-51.72785186767578    19.723587036132812
-50.95553207397461    18.977115631103516
-50.2471809387207    18.27125358581543
-49.49954605102539    17.50987434387207
-48.763771057128906    16.659128189086914
-48.090599060058594    15.758028984069824
-47.48346710205078    14.811179161071777
-46.94546890258789    13.823406219482422
-46.479347229003906    12.799750328063965
-46.08749008178711    11.74543285369873
-45.771888732910156    10.665834426879883
-45.53415298461914    9.566461563110352
-45.3754997253418    8.452923774719238
-45.29673767089844    7.330901145935059
-45.28885269165039    6.265798091888428
-45.29166793823242    5.265802383422852
-45.29447937011719    4.265806198120117
-45.29729461669922    3.265810012817383
-45.30010986328125    2.2658143043518066
-45.302921295166016    1.2658182382583618
-45.30573654174805    0.26582205295562744
-45.30855178833008    -0.7341741323471069
-45.18675994873047    42.54542922973633
-45.1895751953125    41.545433044433594
-45.192386627197266    40.54543685913086
-45.1952018737793    39.545440673828125
-45.19801712036133    38.54544448852539
-45.20648956298828    37.508079528808594
-45.25642776489258    36.431758880615234
-45.35400390625    35.35870361328125
-45.4990348815918    34.29103088378906
-45.69123458862305    33.23082733154297
-45.93022155761719    32.1801872253418
-46.21552658081055    31.141162872314453
-46.54659652709961    30.11580467224121
-46.92277526855469    29.106121063232422
-47.34332275390625    28.11410140991211
-47.80741500854492    27.14168930053711
-48.31414031982422    26.1907958984375
-48.86250305175781    25.26329231262207
-49.45142364501953    24.36099624633789
-50.079750061035156    23.48568344116211
-50.76707458496094    22.622722625732422
-51.51359939575195    21.798419952392578
-52.311439514160156    21.023685455322266
-53.157318115234375    20.301706314086914
-54.047752380371094    19.63545036315918
-54.97907638549805    19.02766227722168
-55.94745635986328    18.480846405029297
-56.94890594482422    17.99724769592285
-57.979305267333984    17.578861236572266
-59.03440856933594    17.227407455444336
-60.10987854003906    16.944332122802734
-61.20128631591797    16.730802536010742
-62.304141998291016    16.58769416809082
-63.413902282714844    16.515600204467773
-64.46632385253906    16.504871368408203
-65.46631622314453    16.502092361450195
-66.46631622314453    16.499313354492188
-41.68677520751953    42.535579681396484
-41.68959045410156    41.53558349609375
-41.688926696777344    40.57392883300781
-41.64381408691406    39.68611145019531
-41.542572021484375    38.80292892456055
-41.38561248779297    37.92793273925781
-41.17356491088867    37.06462860107422
-40.90727233886719    36.21648406982422
-40.587806701660156    35.386905670166016
-40.216453552246094    34.579219818115234
-39.794700622558594    33.796669006347656
-39.32424545288086    33.042396545410156
-38.80697250366211    32.319427490234375
-38.25145721435547    31.63973045349121
-37.65940475463867    31.02106475830078
-37.01868438720703    30.45295524597168
-36.33360290527344    29.9392147064209
-35.6087532043457    29.48328971862793
-34.8490104675293    29.088247299194336
-34.05946731567383    28.756738662719727
-33.24543762207031    28.490991592407227
-32.41238021850586    28.29278564453125
-31.565889358520508    28.163454055786133
-30.711652755737305    28.10386848449707
-29.766407012939453    28.101327896118164
-28.76641082763672    28.104106903076172
-41.66096878051758    51.705543518066406
-45.16095733642578    51.71539306640625
-48.66094207763672    51.725242614746094
-52.16093063354492    51.73509216308594
-41.66378402709961    50.70554733276367
-45.16377258300781    50.715396881103516
-48.66375732421875    50.72524642944336
-52.16374588012695    50.7350959777832
-41.666595458984375    49.70555114746094
-45.16658401489258    49.71540069580078
-48.666568756103516    49.725250244140625
-52.16655731201172    49.73509979248047
-41.669410705566406    48.7055549621582
-45.16939926147461    48.71540451049805
-48.66938400268555    48.72525405883789
-52.16937255859375    48.735103607177734
-41.67222595214844    47.70555877685547
-45.17221450805664    47.71540832519531
-48.67219924926758    47.725257873535156
-52.17218780517578    47.735107421875
-41.6750373840332    46.705562591552734
-45.175025939941406    46.71541213989258
-48.675010681152344    46.72526168823242
-52.17499923706055    46.735111236572266
-41.677852630615234    45.70556640625
-45.17784118652344    45.715415954589844
-48.677825927734375    45.72526550292969
-52.17781448364258    45.73511505126953
-41.680667877197266    44.705570220947266
-45.18065643310547    44.71541976928711
-48.680641174316406    44.72526931762695
-52.18062973022461    44.7351188659668
-41.68347930908203    43.70557403564453
-45.183467864990234    43.715423583984375
-48.68345260620117    43.72527313232422
-52.183441162109375    43.73512268066406
-41.68629455566406    42.7055778503418
-45.186283111572266    42.71542739868164
-48.6862678527832    42.725276947021484
-52.186256408691406    42.73512649536133
-41.8112678527832    -1.7042436599731445
-41.80845260620117    -0.7042475938796997
-41.805641174316406    0.29588666558265686
-41.781715393066406    1.195595622062683
-41.69941329956055    2.0741705894470215
-41.55839538574219    2.9452521800994873
-41.35930252075195    3.804919719696045
-41.10301208496094    4.6493048667907715
-40.79069519042969    5.474608421325684
-40.42375183105469    6.277115821838379
-40.00382995605469    7.053216934204102
-39.53281784057617    7.79941987991333
-39.012840270996094    8.51236629486084
-38.44623565673828    9.188846588134766
-37.84077453613281    9.818121910095215
-37.19297790527344    10.398473739624023
-36.50387954711914    10.92912483215332
-35.777278900146484    11.407145500183105
-35.017189025878906    11.829895973205566
-34.22780990600586    12.19504165649414
-33.41349792480469    12.500568389892578
-32.5787467956543    12.744789123535156
-31.72817039489746    12.926355361938477
-30.866456985473633    13.04426383972168
-29.998367309570312    13.097864151000977
-29.036426544189453    13.103300094604492
-66.83586883544922    27.998329162597656
-65.83587646484375    28.001108169555664
-64.83587646484375    28.00388526916504
-63.83588409423828    28.006664276123047
-62.83588790893555    28.009443283081055
-61.83589172363281    28.012222290039062
-60.96198272705078    28.037200927734375
-60.1347770690918    28.13861846923828
-59.320926666259766    28.318063735961914
-58.527774810791016    28.573915481567383
-57.762474060058594    28.903867721557617
-57.03193283081055    29.304943084716797
-56.34273910522461    29.77351951599121
-55.701114654541016    30.305374145507812
-55.11284255981445    30.895706176757812
-54.565956115722656    31.554716110229492
-54.06452560424805    32.26249694824219
-53.61802673339844    33.00615310668945
-53.229007720947266    33.781429290771484
-52.899696350097656    34.58388900756836
-52.631980895996094    35.40894317626953
-52.42738342285156    36.25187301635742
-52.28708267211914    37.10784912109375
-52.21187973022461    37.971988677978516
-52.19707107543945    38.89096450805664
-52.19425582885742    39.890960693359375
-52.19144058227539    40.891414642333984
-52.18862533569336    41.891414642333984
-41.57395935058594    82.62542724609375
-45.07394790649414    82.6352767944336
-41.57677459716797    81.62543487548828
-45.07676315307617    81.63528442382812
-41.579586029052734    80.62543487548828
-45.07957458496094    80.63528442382812
-41.582401275634766    79.62544250488281
-45.08238983154297    79.63529205322266
-41.5852165222168    78.62544250488281
-45.085205078125    78.63529205322266
-41.58802795410156    77.62545013427734
-45.088016510009766    77.63529968261719
-41.590843200683594    76.62545013427734
-45.0908317565918    76.63529968261719
-41.593658447265625    75.62545776367188
-45.09364700317383    75.63530731201172
-41.59646987915039    74.62545776367188
-45.096458435058594    74.63530731201172
-41.59928512573242    73.6254653930664
-45.099273681640625    73.63531494140625
-41.60210037231445    72.6254653930664
-45.102088928222656    72.63531494140625
-41.604915618896484    71.62547302246094
-45.10490417480469    71.63532257080078
-41.60772705078125    70.62547302246094
-45.10771560668945    70.63532257080078
-41.61054229736328    69.62548065185547
-45.110530853271484    69.63533020019531
-41.61335754394531    68.62548065185547
-45.113346099853516    68.63533020019531
-41.61616897583008    67.62548828125
-45.11615753173828    67.63533782958984
-41.61898422241211    66.62548828125
-45.11897277832031    66.63533782958984
-41.62179946899414    65.62549591064453
-45.121788024902344    65.63534545898438
-41.624610900878906    64.62549591064453
-45.12459945678711    64.63534545898438
-41.62742614746094    63.6254997253418
-45.12741470336914    63.63534927368164
-41.63024139404297    62.62550354003906
-45.13022994995117    62.635353088378906
-41.633052825927734    61.62550735473633
-45.13304138183594    61.63535690307617
-41.635868072509766    60.625511169433594
-45.13585662841797    60.63536071777344
-41.6386833190918    59.62551498413086
-45.138671875    59.6353645324707
-41.64149475097656    58.625518798828125
-45.141483306884766    58.63536834716797
-41.644309997558594    57.62552261352539
-45.1442985534668    57.635372161865234
-41.647125244140625    56.625526428222656
-45.14711380004883    56.6353759765625
-41.64993667602539    55.62553024291992
-45.149925231933594    55.635379791259766
-41.65275192260742    54.62553405761719
-45.152740478515625    54.63538360595703
-41.65556716918945    53.62553787231445
-45.155555725097656    53.6353874206543
-41.658382415771484    52.62554168701172
-45.15837097167969    52.63539123535156
-41.686771392822266    42.535579681396484
-45.18675994873047    42.54542922973633
-41.6895866394043    41.53558349609375
-45.1895751953125    41.545433044433594
-41.69239807128906    40.535587310791016
-45.192386627197266    40.54543685913086
-41.695213317871094    39.53559112548828
-45.1952018737793    39.545440673828125
-41.698028564453125    38.53559494018555
-45.19801712036133    38.54544448852539
-41.70083999633789    37.53559875488281
-45.200828552246094    37.545448303222656
-41.70365524291992    36.53560256958008
-45.203643798828125    36.54545211791992
-41.70647048950195    35.535606384277344
-45.206459045410156    35.54545593261719
-41.70928192138672    34.53561019897461
-45.20927047729492    34.54545974731445
-41.71209716796875    33.535614013671875
-45.21208572387695    33.54546356201172
-41.71491241455078    32.53561782836914
-45.214900970458984    32.545467376708984
-41.71772766113281    31.53562355041504
-45.217716217041016    31.545473098754883
-41.72053909301758    30.535627365112305
-45.22052764892578    30.54547691345215
-41.72335433959961    29.53563117980957
-45.22334289550781    29.545480728149414
-41.72616958618164    28.535634994506836
-45.226158142089844    28.54548454284668
-41.728981018066406    27.5356388092041
-45.22896957397461    27.545488357543945
-41.73179626464844    26.535642623901367
-45.23178482055664    26.54549217224121
-41.73461151123047    25.535646438598633
-45.23460006713867    25.545495986938477
-41.737422943115234    24.5356502532959
-45.23741149902344    24.545499801635742
-41.740238189697266    23.535654067993164
-45.24022674560547    23.545503616333008
-41.7430534362793    22.535659790039062
-45.2430419921875    22.545509338378906
-41.74586486816406    21.535663604736328
-45.245853424072266    21.545513153076172
-41.748680114746094    20.535667419433594
-45.2486686706543    20.545516967773438
-41.751495361328125    19.53567123413086
-45.25148391723633    19.545520782470703
-41.75430679321289    18.535675048828125
-45.254295349121094    18.54552459716797
-41.75712203979492    17.53567886352539
-45.257110595703125    17.545528411865234
-41.75993728637695    16.535682678222656
-45.259925842285156    16.5455322265625
-41.76274871826172    15.535686492919922
-45.26273727416992    15.545536041259766
-41.76556396484375    14.535690307617188
-45.26555252075195    14.545539855957031
-41.76837921142578    13.535694122314453
-45.268367767333984    13.545543670654297
-41.77119445800781    12.535697937011719
-45.271183013916016    12.545547485351562
-41.77400588989258    11.535701751708984
-45.27399444580078    11.545551300048828
-41.77682113647461    10.53570556640625
-45.27680969238281    10.545555114746094
-41.77963638305664    9.535709381103516
-45.279624938964844    9.54555892944336
-41.782447814941406    8.535713195800781
-45.28243637084961    8.545562744140625
-41.78526306152344    7.535717487335205
-45.28525161743164    7.545566558837891
-41.78807830810547    6.535721302032471
-45.28806686401367    6.545570373535156
-41.790889739990234    5.535725116729736
-45.29087829589844    5.545574188232422
-41.793704986572266    4.535728931427002
-45.29369354248047    4.5455780029296875
-41.7965202331543    3.5357325077056885
-45.2965087890625    3.545581817626953
-41.79933166503906    2.5357401371002197
-45.299320220947266    2.5455894470214844
-41.802146911621094    1.535744071006775
-45.3021354675293    1.5455933809280396
-41.804962158203125    0.5357478260993958
-45.30495071411133    0.5455971956253052
-41.80777359008789    -0.46424832940101624
-45.307762145996094    -0.4543989896774292
-41.81058883666992    -1.4642444849014282
-45.310577392578125    -1.4543951749801636
-66.79419708251953    12.998388290405273
-65.79420471191406    13.001166343688965
-64.79407501220703    13.003945350646973
-63.817806243896484    13.005613327026367
-62.95246505737305    12.963264465332031
-62.092872619628906    12.855128288269043
-61.24401092529297    12.681835174560547
-60.41080856323242    12.444391250610352
-59.598121643066406    12.14417552947998
-58.81065368652344    11.782934188842773
-58.0529899597168    11.362762451171875
-57.329532623291016    10.886103630065918
-56.644474029541016    10.355727195739746
-56.001808166503906    9.774713516235352
-55.40166091918945    9.143378257751465
-54.84520721435547    8.467223167419434
-54.33807373046875    7.753330230712891
-53.8828125    7.0052924156188965
-53.48170471191406    6.226869106292725
-53.136783599853516    5.421976566314697
-52.84976577758789    4.594662189483643
-52.622108459472656    3.74908709526062
-52.45494842529297    2.8895034790039062
-52.3491325378418    2.0202345848083496
-52.3051872253418    1.1456518173217773
-52.30601501464844    0.17637880146503448
-52.30883026123047    -0.8236172795295715
-48.686744689941406    42.55527877807617
-48.68955993652344    41.555118560791016
-48.69237518310547    40.55512237548828
-48.6951904296875    39.55512619018555
-48.69800567626953    38.55513000488281
-48.7008171081543    37.55513381958008
-48.70363235473633    36.555137634277344
-48.7031364440918    35.524314880371094
-48.66004943847656    34.438323974609375
-48.56308364868164    33.35581588745117
-48.41246032714844    32.279457092285156
-48.20856857299805    31.2119140625
-47.951908111572266    30.155811309814453
-47.643104553222656    29.113759994506836
-47.282928466796875    28.088333129882812
-46.87226867675781    27.082059860229492
-46.41213607788086    26.097429275512695
-45.903663635253906    25.136863708496094
-45.348106384277344    24.20273780822754
-44.74684143066406    23.297361373901367
-44.09283447265625    22.413785934448242
-43.36133575439453    21.553773880004883
-42.56835174560547    20.750102996826172
-41.71821594238281    20.007150650024414
-40.81555938720703    19.328977584838867
-39.86531066894531    18.719280242919922
-38.87264633178711    18.18138313293457
-37.842994689941406    17.718225479125977
-36.78195571899414    17.33232879638672
-35.695335388183594    17.025800704956055
-34.589054107666016    16.80031394958496
-33.469139099121094    16.65709686279297
-32.341712951660156    16.596933364868164
-31.30821418762207    16.597002029418945
-30.308218002319336    16.599781036376953
-29.3082218170166    16.60256004333496
-66.83587646484375    27.99833106994629
-66.8261489868164    24.49834442138672
-65.83588409423828    28.001110076904297
-65.82615661621094    24.501123428344727
-64.83588409423828    28.003887176513672
-64.82615661621094    24.5039005279541
-63.83588409423828    28.00666618347168
-63.8261604309082    24.50667953491211
-62.83588790893555    28.009445190429688
-62.82616424560547    24.509458541870117
-61.83589172363281    28.012224197387695
-61.826168060302734    24.512237548828125
-60.83589553833008    28.01500129699707
-60.826171875    24.5150146484375
-59.835899353027344    28.017780303955078
-59.826175689697266    24.517793655395508
-58.83590316772461    28.020559310913086
-58.82617950439453    24.520572662353516
-57.835906982421875    28.023338317871094
-57.8261833190918    24.523351669311523
-56.83591079711914    28.02611541748047
-56.82618713378906    24.5261287689209
-55.835914611816406    28.028894424438477
-55.82619094848633    24.528907775878906
-54.83591842651367    28.031673431396484
-54.826194763183594    24.531686782836914
-53.83592224121094    28.034452438354492
-53.82619857788086    24.534465789794922
-52.8359260559082    28.037229537963867
-52.826202392578125    24.537242889404297
-51.83592987060547    28.040008544921875
-51.82620620727539    24.540021896362305
-50.835933685302734    28.042787551879883
-50.826210021972656    24.542800903320312
-49.8359375    28.04556655883789
-49.82621383666992    24.54557991027832
-48.835941314697266    28.048343658447266
-48.82621765136719    24.548357009887695
-47.83594512939453    28.051122665405273
-47.82622146606445    24.551136016845703
-46.8359489440918    28.05390167236328
-46.82622528076172    24.55391502380371
-45.83595275878906    28.05668067932129
-45.826229095458984    24.55669403076172
-44.83595657348633    28.059457778930664
-44.82623291015625    24.559471130371094
-43.83596420288086    28.062236785888672
-43.82624053955078    24.5622501373291
-42.83596420288086    28.06501579284668
-42.82624053955078    24.56502914428711
-41.83597183227539    28.067794799804688
-41.82624816894531    24.567808151245117
-40.83597183227539    28.070571899414062
-40.82624816894531    24.570585250854492
-39.83597946166992    28.07335090637207
-39.826255798339844    24.5733642578125
-38.83597946166992    28.076129913330078
-38.826255798339844    24.576143264770508
-37.83598709106445    28.078908920288086
-37.826263427734375    24.578922271728516
-36.83598709106445    28.08168601989746
-36.826263427734375    24.58169937133789
-35.835994720458984    28.08446502685547
-35.826271057128906    24.5844783782959
-34.835994720458984    28.087244033813477
-34.826271057128906    24.587257385253906
-33.83599853515625    28.090023040771484
-33.82627487182617    24.590036392211914
-32.836002349853516    28.09280014038086
-32.82627868652344    24.59281349182129
-31.836008071899414    28.095579147338867
-31.826282501220703    24.595592498779297
-30.83601188659668    28.098358154296875
-30.82628631591797    24.598371505737305
-29.836015701293945    28.101137161254883
-29.826290130615234    24.601150512695312
-28.83601951599121    28.103914260864258
-28.8262939453125    24.603927612304688
-28.72602081298828    28.104219436645508
-29.726016998291016    28.1014404296875
-30.726320266723633    28.098661422729492
-31.726316452026367    28.095884323120117
-32.726314544677734    28.09310531616211
-33.85033416748047    28.052913665771484
-34.979652404785156    27.924379348754883
-36.09547424316406    27.70798110961914
-37.19096755981445    27.405048370361328
-38.259437561035156    27.017431259155273
-39.29435348510742    26.54749870300293
-40.28937530517578    25.998130798339844
-41.23842239379883    25.3726806640625
-42.13569259643555    24.674978256225586
-42.97569274902344    23.909290313720703
-43.75328826904297    23.080297470092773
-44.46371841430664    22.193077087402344
-45.08842468261719    21.290849685668945
-45.660850524902344    20.370302200317383
-46.18838119506836    19.42331314086914
-46.66980743408203    18.45207405090332
-47.1040153503418    17.458820343017578
-47.489986419677734    16.44585609436035
-47.82685470581055    15.415512084960938
-48.11382293701172    14.370176315307617
-48.35022735595703    13.312257766723633
-48.5355339050293    12.244202613830566
-48.6693115234375    11.168478012084961
-48.75124740600586    10.087567329406738
-48.78115463256836    9.003969192504883
-48.78397750854492    8.002671241760254
-48.78679275512695    7.002675533294678
-48.789608001708984    6.002679347991943
-48.79241943359375    5.002683639526367
-48.79523468017578    4.002687454223633
-48.79804992675781    3.0026912689208984
-48.80086135864258    2.002695083618164
-48.80367660522461    1.0026992559432983
-48.80649185180664    0.0027035577222704887
-48.809303283691406    -0.9972926378250122
-48.686744689941406    42.55527877807617
-52.18673324584961    42.565128326416016
-48.68955993652344    41.55528259277344
-52.18954849243164    41.56513214111328
-48.6923713684082    40.5552864074707
-52.192359924316406    40.56513595581055
-48.695186614990234    39.55529022216797
-52.19517517089844    39.56513977050781
-48.698001861572266    38.555294036865234
-52.19799041748047    38.56514358520508
-48.70081329345703    37.5552978515625
-52.200801849365234    37.565147399902344
-48.70362854003906    36.555301666259766
-52.203617095947266    36.56515121459961
-48.706443786621094    35.55530548095703
-52.2064323425293    35.565155029296875
-48.70925521850586    34.5553092956543
-52.20924377441406    34.56515884399414
-48.71207046508789    33.55531311035156
-52.212059020996094    33.565162658691406
-48.71488571166992    32.55531692504883
-52.214874267578125    32.56516647338867
-48.71770095825195    31.555322647094727
-52.217689514160156    31.56517219543457
-48.72051239013672    30.555326461791992
-52.22050094604492    30.565176010131836
-48.72332763671875    29.555330276489258
-52.22331619262695    29.5651798248291
-48.72614288330078    28.555334091186523
-52.226131439208984    28.565183639526367
-48.72895431518555    27.55533790588379
-52.22894287109375    27.565187454223633
-48.73176956176758    26.555341720581055
-52.23175811767578    26.5651912689209
-48.73458480834961    25.55534553527832
-52.23457336425781    25.565195083618164
-48.737396240234375    24.555349349975586
-52.23738479614258    24.56519889831543
-48.740211486816406    23.55535316467285
-52.24020004272461    23.565202713012695
-48.74302673339844    22.55535888671875
-52.24301528930664    22.565208435058594
-48.7458381652832    21.555362701416016
-52.245826721191406    21.56521224975586
-48.748653411865234    20.55536651611328
-52.24864196777344    20.565216064453125
-48.751468658447266    19.555370330810547
-52.25145721435547    19.56521987915039
-48.75428009033203    18.555374145507812
-52.254268646240234    18.565223693847656
-48.75709533691406    17.555377960205078
-52.257083892822266    17.565227508544922
-48.759910583496094    16.555381774902344
-52.2598991394043    16.565231323242188
-48.76272201538086    15.55538558959961
-52.26271057128906    15.565235137939453
-48.76553726196289    14.555389404296875
-52.265525817871094    14.565238952636719
-48.76835250854492    13.55539321899414
-52.268341064453125    13.565242767333984
-48.77116775512695    12.555397033691406
-52.271156311035156    12.56524658203125
-48.77397918701172    11.555400848388672
-52.27396774291992    11.565250396728516
-48.77679443359375    10.555404663085938
-52.27678298950195    10.565254211425781
-48.77960968017578    9.555408477783203
-52.279598236083984    9.565258026123047
-48.78242111206055    8.555412292480469
-52.28240966796875    8.565261840820312
-48.78523635864258    7.555416107177734
-52.28522491455078    7.56526517868042
-48.78805160522461    6.555419921875
-52.28804016113281    6.5652689933776855
-48.790863037109375    5.555423736572266
-52.29085159301758    5.565272808074951
-48.793678283691406    4.555427551269531
-52.29366683959961    4.565276622772217
-48.79649353027344    3.555431365966797
-52.29648208618164    3.5652806758880615
-48.7993049621582    2.555438995361328
-52.299293518066406    2.5652883052825928
-48.802120208740234    1.5554426908493042
-52.30210876464844    1.5652920007705688
-48.804935455322266    0.5554465055465698
-52.30492401123047    0.5652958750724792
-48.80774688720703    -0.44454967975616455
-52.307735443115234    -0.4347003400325775
-48.81056213378906    -1.444545865058899
-52.310550689697266    -1.4346965551376343
